123450000220251000000056000001120.00
123450000320251000000123000002460.00
123450000620251000000345000006900.00
123450000720251000000080000001600.00
123450000920251000000200000004000.00
123450000820251000000100000002000.00
123450000120251000000450000009000.00
123450000420251000000030000000600.00
123450000020251000000150000003000.00
123450000520251000000075000001500.00
123450000220250000000060000001200.00
123450000220250900000075000001500.00
123450000320250200000110000002200.00
123450000320250600000135000002700.00
123450000620250500000300000006000.00
123450000620250400000410000008200.00
123450000120250300000400000008000.00
123450000120250800000500000010000.00